787109
787116
787110
787115
787122
787121
787111
787112
787117
787118
787123
787113
787124
787120
787114
787119
787126
787125
791239
791240
791241
791242
791243
791244
791246
791245
847998
847993
847999
847992
848004
848005
848010
848011
848000
847995
848001
847994
848006
848007
848012
848013
848003
847997
848002
847996
848008
848009
848014
848015
848016
848017
848018
848019
848020
848021
848022
848023
752525
752526
752524
752527
752530
752532
752529
752528
752531
752536
752533
752535
752534
752540
752539
752541
752537
752538
752543
752544
752545
752542
752548
752547
752546
752549
752553
752551
752554
752558
752557
752559
752552
752555
752556
752565
752563
752561
752562
752560
752566
752568
752564
752567
752571
752569
752570
752572
752576
752573
752575
752577
752574
752581
752579
752580
752578
752584
752586
752583
752582
752585
752550
752589
752587
752588
752590
752594
752593
752595
752592
752599
752597
752596
752598
752602
752604
752601
752600
752603
752607
752605
752606
752608
752613
752609
752611
752612
752610
752617
752616
752615
752619
752621
752618
752614
752620
752622
752625
752623
752626
752631
752627
752629
752624
752630
752628
752635
752633
752632
752634
752638
752639
752637
752640
752636
752643
752641
752642
752644
752647
752649
752645
752646
752648
752653
752651
752650
752652
752657
752656
752658
752654
752655
752661
752659
752660
752662
752665
752667
752664
752663
752666
752591
752671
752669
752668
752670
752675
752674
752676
752672
752673
787088
787092
787094
787090
787093
787089
787095
787091
787240
787242
787243
787241
787711
787714
802074
802072
802077
802078
802076
802080
802079
802073
802075
802083
802082
802081
802087
802089
802085
802086
802088
802092
802091
802090
802095
802096
802094
802098
802097
802093
802099
802101
802102
802100
802107
802104
802103
802105
802106
802110
802109
802108
802113
802115
802114
802112
802111
802116
802119
802118
802117
802122
802123
802121
802120
802125
802124
802126
802132
802129
802131
802133
802130
802128
802127
802134
802137
802136
802135
802140
802141
802138
802139
802143
802142
802147
802145
802144
802151
802146
802149
802150
802148
802152
802155
802154
802153
802158
802159
802156
802157
802160
802161
802163
802170
802162
802165
802164
802166
802167
802169
802168
802173
802171
802176
802174
802179
802178
802172
802084
802181
802182
802180
802186
802187
802184
802185
802183
802188
802191
802190
802189
802195
802192
802193
802196
802197
802199
802200
802198
802204
802205
802202
802203
802201
802206
802209
802208
802207
802212
802213
802210
802211
802214
802215
802177
802194
802175
802218
802217
802216
802222
802224
802220
802221
802219
802223
838455
838456
838454
838453
838460
838459
838457
838458
838717
838718
838719
838720
839198
839199
776817
776821
776815
776816
776818
776819
776820
776822
776823
776824
776826
776830
776825
776827
776829
776831
776832
776833
776834
776828
776836
776839
776835
776837
776838
776840
776841
776842
776843
776844
776846
776845
776847
776849
776850
776852
776853
776854
776848
776851
776855
776861
776856
776857
776858
776859
776862
776863
776860
776864
776870
776867
776865
776866
776868
776869
776871
776872
776873
776874
776882
776883
776875
776876
776877
776880
776881
776884
776879
776878
776887
776892
776893
776885
776886
776888
776889
776890
776891
776894
776903
776895
776896
776897
776898
776900
776901
776902
776904
776899
776907
776910
776911
776906
776909
776912
776913
776914
776905
776908
776923
776924
776915
776916
776917
776918
776919
776920
776921
776922
776925
776929
776926
776930
776931
776932
776933
776934
776928
776927
776937
776944
776935
776936
776938
776939
776940
776941
776942
776943
776947
776953
776954
776945
776948
776950
776951
776952
776946
776949
776960
776962
776955
776958
776959
776961
776963
776964
776956
776957
776966
776970
776971
776973
776965
776967
776969
776972
776974
776968
776980
776975
776976
776977
776978
776979
776981
776982
776983
776984
776993
776994
776985
776986
776987
776989
776990
776991
776992
776988
776997
777002
776995
776996
776998
776999
777000
777001
777003
777004
777005
777010
777007
777008
777009
777012
777013
777014
777006
777011
777018
777021
777015
777016
777017
777019
777020
777022
777023
777024
777029
777034
777025
777026
777027
777028
777031
777033
777030
777032
777040
777042
777035
777036
777037
777038
777039
777041
777043
777044
777048
777046
777047
777049
777050
777054
777045
777051
777053
777058
777055
777056
777057
777060
777061
777063
777064
777062
777070
777073
777065
777066
777067
777071
777072
777074
777068
777069
777076
777080
777075
777078
777079
777082
777084
777077
777081
777083
777086
777090
777085
777087
777088
777089
777091
777092
777093
777094
777095
777096
777097
777098
777099
777100
777101
777102
777103
777104
777052
777107
777111
777114
777105
777106
777108
777109
777110
777112
777113
777059
777120
777123
777115
777116
777117
777119
777121
777122
777124
777118
777128
777133
777125
777126
777127
777129
777130
777131
777132
777134
777144
777135
777136
777138
777139
777140
777141
777142
777143
777137
777151
777152
777145
777147
777148
777149
777150
777154
777146
777153
777159
777161
777155
777156
777157
777160
777162
777163
777164
777158
777168
777171
777165
777166
777170
777172
777173
777174
777167
777169
777178
777179
777175
777176
777177
777181
777182
777183
777184
777180
777185
777194
777186
777187
777188
777189
777190
777191
777192
777193
828384
828381
828378
828379
828380
828382
828383
828385
828386
828387
828389
828393
828388
828390
828391
828392
828394
828395
828396
828397
828399
828400
828403
828398
828402
828404
828405
828407
828401
828406
828413
828417
828408
828409
828410
828411
828412
828414
828415
828416
828427
828418
828419
828421
828422
828423
828424
828425
828426
828420
828434
828435
828429
828431
828433
828436
828437
828432
828428
828430
828438
828439
828440
828441
828442
828443
828444
828445
828446
828447
828455
828457
828448
828449
828450
828451
828453
828454
828456
828452
828458
828460
828465
828459
828461
828462
828463
828464
828466
828467
828469
828468
828470
828472
828473
828474
828476
828477
828471
828475
828483
828484
828478
828479
828481
828482
828485
828487
828480
828486
828491
828490
828488
828489
828492
828493
828494
828495
828496
828497
828499
828505
828498
828500
828501
828502
828504
828506
828507
828503
828512
828517
828508
828509
828510
828511
828514
828515
828513
828516
828525
828524
828527
828518
828519
828520
828521
828522
828526
828523
828530
828535
828537
828528
828529
828531
828533
828534
828532
828539
828538
828540
828541
828542
828544
828545
828546
828547
828543
828550
828548
828549
828551
828552
828553
828554
828555
828556
828557
828560
828561
828565
828558
828559
828562
828564
828566
828567
828563
828572
828577
828570
828574
828576
828568
828575
828569
828571
828573
828536
828583
828578
828586
828580
828585
828581
828587
828584
828579
828582
828597
828595
828590
828596
828593
828589
828592
828588
828591
828594
828605
828607
828600
828599
828601
828602
828604
828603
828606
828598
828611
828614
828610
828613
828617
828608
828616
828615
828609
828612
828622
828625
828626
828620
828624
828623
828621
828627
828618
828619
828632
828636
828629
828631
828633
828637
828635
828630
828628
828634
828645
828647
828638
828641
828643
828639
828640
828642
828644
828646
828651
828649
828656
828652
828648
828657
828650
828655
828654
828653
828666
828665
828659
828660
828662
828661
828667
828658
828663
828664
828676
828673
828668
828671
828675
828672
828670
828677
828674
828669
828681
828680
828686
828683
828685
828679
828687
828678
828684
828682
828690
828691
828694
828695
828693
828696
828689
828697
828692
828688
828705
828707
828701
828706
828703
828704
828699
828702
828698
828700
828712
828713
828714
828715
828710
828709
828708
828717
828716
828711
828718
828720
828719
828721
828725
828727
828724
828722
828726
828723
828731
828729
828735
828730
828734
828732
828728
828736
828733
828737
828747
828743
828742
828745
828746
828739
828738
828740
828744
828741
828749
828757
828748
828756
828751
828755
828752
828753
828754
828750
758638
758645
758639
758644
758642
758643
758641
758640
758646
758651
758648
758647
758655
758652
758654
758649
758650
758653
758658
758657
758659
758656
758662
758664
758660
758663
758661
758669
758667
758668
758665
758671
758673
758670
758672
758666
758682
758674
758681
758678
758676
758675
758677
758679
758680
758685
758690
758683
758691
758687
758688
758684
758686
758689
758698
758694
758693
758700
758692
758699
758697
758696
758695
758708
758703
758701
758702
758704
758705
758706
758707
758709
758717
758711
758710
758718
758714
758716
758715
758713
758712
758720
758722
758719
758725
758723
758724
758726
758721
758727
758733
758729
758735
758731
758734
758736
758732
758728
758730
758744
758740
758739
758737
758738
758741
758745
758743
758742
758754
758747
758749
758746
758751
758752
758750
758753
758748
758756
758762
758757
758755
758758
758763
758760
758759
758761
758769
758767
758768
758764
758770
758771
758772
758765
758766
758780
758773
758779
758777
758774
758775
758778
758781
758776
758785
758783
758786
758782
758788
758790
758784
758787
758789
758793
758794
758792
758791
758799
758797
758798
758795
758796
758802
758806
758800
758804
758807
758801
758805
758808
758803
758809
758817
758811
758816
758814
758815
758810
758812
758813
758819
758820
758821
758826
758818
758825
758822
758823
758824
758832
758834
758829
758830
758827
758835
758831
758833
758828
758836
758838
758837
758844
758841
758842
758840
758839
758843
758850
758846
758847
758845
758851
758848
758849
758852
758853
758855
758854
758862
758858
758860
758861
758859
758857
758856
758869
758870
758864
758866
758871
758867
758868
758865
758863
758873
758872
758879
758878
758880
758876
758874
758875
758877
758885
758884
758883
758881
758882
758887
758889
758888
758886
758897
758891
758890
758893
758895
758898
758894
758896
758892
758902
758906
758900
758899
758905
758903
758904
758901
758907
758909
758912
758908
758915
758916
758913
758910
758911
758914
758923
758918
758919
758921
758917
758920
758922
758924
758925
758929
758927
758930
758926
758931
758932
758933
758934
758928
758942
758936
758937
758940
758935
758941
758939
758943
758938
810430
810437
810432
810431
810435
810438
810436
810434
810433
810445
810443
810442
810439
810441
810444
810446
810440
810447
810450
810454
810455
810452
810448
810456
810451
810449
810453
810460
810459
810461
810457
810465
810462
810463
810458
810464
810473
810472
810468
810474
810471
810467
810466
810470
810469
810475
810482
810480
810483
810477
810478
810476
810479
810481
810491
810492
810488
810486
810489
810487
810485
810484
810490
810501
810496
810500
810497
810498
810499
810495
810493
810494
810510
810508
810506
810502
810504
810507
810503
810509
810505
810516
810517
810513
810511
810518
810515
810519
810512
810514
810526
810527
810524
810520
810528
810525
810521
810522
810523
810534
810536
810531
810532
810529
810537
810535
810530
810533
810541
810544
810539
810543
810538
810542
810540
810546
810545
810555
810554
810547
810552
810551
810553
810549
810548
810550
810556
810562
810557
810564
810559
810563
810558
810561
810560
810572
810567
810565
810573
810570
810571
810568
810566
810569
810574
810579
810578
810582
810576
810580
810577
810575
810581
810585
810587
810584
810591
810588
810589
810590
810586
810583
810599
810594
810593
810597
810600
810598
810596
810592
810595
810603
810602
810605
810609
810601
810606
810607
810604
810608
810617
810616
810610
810618
810615
810613
810611
810614
810612
810623
810622
810619
810627
810625
810626
810621
810620
810624
810635
810630
810633
810631
810629
810636
810628
810634
810632
810644
810641
810639
810640
810637
810638
810642
810645
810643
810653
810646
810652
810650
810651
810649
810647
810654
810648
810657
810656
810658
810655
810662
810659
810660
810663
810661
810671
810670
810668
810664
810666
810672
810669
810667
810665
810679
810675
810674
810676
810673
810680
810677
810681
810678
810688
810687
810690
810682
810684
810689
810686
810685
810683
810698
810693
810692
810694
810691
810696
810699
810695
810697
810706
810701
810705
810708
810700
810703
810707
810704
810702
810716
810711
810710
810712
810709
810714
810717
810713
810715
810723
810719
810722
810726
810718
810720
810724
810725
810721
810734
810729
810728
810731
810727
810735
810732
810733
810730
774791
774795
774797
774800
774792
774793
774794
774796
774798
774799
774807
774809
774802
774801
774803
774806
774804
774805
774808
774810
774811
774812
774813
774816
774818
774815
774817
774819
774820
774814
774825
774822
774821
774824
774826
774823
774828
774829
774830
774827
774832
774838
774831
774833
774835
774836
774837
774839
774834
774840
774846
774842
774841
774843
774848
774850
774844
774845
774847
774849
774855
774851
774853
774856
774857
774860
774852
774854
774858
774859
774867
774862
774863
774864
774868
774861
774865
774866
774870
774869
774872
774871
774873
774874
774878
774880
774875
774876
774877
774879
774884
774881
774883
774886
774889
774882
774885
774887
774890
774888
774893
774891
774892
774895
774896
774897
774894
774898
774899
774900
774902
774901
774903
774904
774905
774906
774908
774909
774910
774907
774918
774913
774915
774916
774917
774912
774914
774919
774920
774911
774921
774923
774925
774929
774922
774926
774928
774930
774924
774927
774931
774933
774936
774937
774940
774932
774935
774938
774939
774934
774943
774942
774944
774947
774948
774941
774945
774946
774950
774951
774953
774954
774957
774959
774955
774956
774958
774960
774952
774966
774963
774964
774967
774969
774970
774961
774962
774965
774968
774972
774975
774977
774979
774980
774971
774973
774974
774976
774978
774981
774983
774985
774988
774990
774982
774984
774986
774989
774987
774998
774993
774994
774995
774999
774991
774992
774996
775000
774997
774949
775004
775001
775008
775009
775010
775002
775003
775006
775007
775005
775011
775015
775016
775018
775019
775012
775013
775017
775020
775014
775027
775021
775023
775024
775025
775022
775026
775029
775030
775028
775034
775031
775035
775036
775037
775033
775038
775039
775040
775032
775048
775042
775045
775046
775047
775041
775043
775049
775050
775044
775060
775052
775053
775054
775057
775051
775056
775058
775059
775055
775065
775062
775061
775066
775067
775068
775063
775064
775069
775070
775074
775071
775073
775077
775079
775072
775076
775078
775080
775075
775081
775085
775088
775083
775084
775087
775089
775082
775086
775090
775091
775092
775096
775097
775099
775093
775094
775095
775098
775100
775107
775101
775102
775103
775109
775104
775106
775108
775110
775105
775114
775112
775115
775116
775118
775111
775113
775117
775119
775120
775121
775122
775127
775123
775124
775125
775129
775130
775126
775128
775138
775132
775133
775134
775139
775135
775136
775137
775140
775131
775145
775142
775143
775146
775149
775141
775144
775147
775150
775148
775152
775153
775154
775155
775156
775157
775158
775151
775159
775160
775161
775162
775163
775164
775165
775166
775167
775168
775169
775170
819667
819666
819673
819670
819674
819668
819665
819671
819672
819669
819681
819678
819675
819682
819683
819679
819680
819676
819677
819684
819686
819687
819691
819692
819693
819689
819685
819690
819688
819694
819699
819698
819701
819702
819703
819697
819704
819695
819696
819700
819708
819712
819711
819710
819706
819705
819707
819709
819714
819713
819722
819716
819717
819720
819715
819719
819723
819718
819721
819724
819727
819733
819732
819726
819730
819725
819731
819729
819728
819734
819735
819736
819744
819739
819741
819742
819737
819740
819738
819743
819754
819748
819753
819751
819746
819750
819745
819747
819749
819752
819761
819756
819758
819759
819760
819757
819755
819764
819763
819762
819768
819769
819765
819770
819772
819774
819773
819771
819766
819767
819780
819783
819777
819778
819779
819784
819782
819781
819776
819775
819791
819792
819787
819790
819789
819793
819786
819785
819794
819788
819799
819803
819801
819796
819798
819804
819797
819800
819795
819802
819806
819808
819811
819810
819812
819809
819813
819807
819814
819805
819818
819821
819820
819817
819823
819822
819824
819815
819816
819829
819832
819828
819827
819831
819833
819834
819825
819830
819826
819844
819840
819843
819842
819837
819841
819835
819839
819836
819838
819850
819848
819854
819846
819851
819853
819849
819852
819845
819847
819855
819863
819857
819861
819858
819860
819856
819862
819864
819859
819873
819871
819870
819868
819865
819869
819867
819874
819872
819866
819877
819878
819879
819882
819880
819875
819881
819876
819883
819884
819889
819890
819888
819885
819894
819886
819891
819887
819893
819892
819904
819903
819900
819902
819899
819896
819897
819898
819901
819895
819819
819908
819907
819913
819906
819914
819911
819909
819912
819910
819905
819916
819917
819924
819919
819920
819923
819915
819922
819921
819918
819930
819927
819932
819928
819929
819931
819926
819934
819933
819925
819941
819936
819938
819937
819935
819943
819939
819942
819940
819944
819952
819951
819946
819949
819945
819953
819948
819950
819947
819954
819955
819960
819964
819962
819958
819961
819963
819957
819959
819956
819974
819972
819967
819970
819966
819969
819971
819973
819965
819968
819984
819979
819982
819983
819981
819976
819977
819980
819978
819975
819993
819988
819991
819987
819986
819990
819992
819994
819985
819989
820003
819998
820001
820002
820004
820000
819995
819996
819999
819997
820014
820009
820012
820008
820007
820011
820013
820005
820010
820006
820022
820024
820017
820020
820021
820023
820019
820015
820018
820016
820030
820033
820029
820028
820032
820034
820026
820025
820031
820027
820041
820043
820036
820039
820040
820042
820044
820038
820037
820035
747451
747454
747449
747452
747453
747455
747450
747456
747464
747461
747458
747465
747457
747462
747459
747463
747460
747470
747467
747471
747473
747468
747469
747466
747474
747475
747478
747481
747479
747476
747482
747477
747480
747483
747487
747490
747488
747491
747484
747492
747485
747486
747489
747500
747496
747498
747499
747497
747493
747495
747494
747503
747505
747502
747507
747506
747504
747508
747501
747512
747513
747515
747510
747509
747511
747516
747517
747514
747525
747522
747523
747518
747519
747524
747520
747521
747526
747527
747528
747530
747531
747533
747532
747529
747534
747538
747536
747535
747540
747539
747543
747537
747541
747542
747547
747545
747551
747546
747548
747550
747552
747544
747549
747556
747559
747553
747560
747561
747554
747557
747555
747558
747567
747564
747568
747570
747565
747563
747569
747562
747566
747575
747571
747577
747573
747578
747576
747574
747572
747472
747582
747583
747585
747580
747579
747581
747586
747587
747584
747591
747595
747593
747590
747592
747594
747588
747589
747601
747597
747599
747603
747600
747602
747598
747604
747596
747605
747609
747612
747610
747606
747611
747613
747607
747608
747620
747617
747614
747615
747616
747618
747619
747621
747629
747624
747622
747630
747626
747625
747627
747628
747623
747637
747638
747636
747639
747631
747634
747635
747632
747633
747647
747640
747644
747645
747641
747642
747646
747643
747648
747651
747654
747652
747649
747655
747650
747653
747656
747663
747657
747660
747661
747664
747658
747662
747659
747668
747671
747665
747672
747673
747666
747669
747667
747670
747679
747676
747680
747682
747678
747674
747681
747675
747677
747686
747683
747684
747688
747689
747685
747690
747687
747691
747694
747697
747698
747695
747692
747699
747693
747696
747703
747706
747704
747707
747700
747708
747701
747702
747705
837541
837540
837539
837538
837545
837544
837543
837542
751659
751660
751661
751662
751663
751666
751667
751668
751664
751665
751670
751671
751672
751674
751675
751676
751678
751669
751673
751677
751680
751679
751681
751682
751684
751686
751687
751683
751685
751688
751693
751690
751691
751692
751695
751696
751697
751689
751694
751698
751703
751699
751704
751705
751706
751707
751708
751700
751701
751702
751709
751712
751713
751714
751716
751717
751710
751711
751715
751718
751726
751727
751719
751720
751721
751722
751723
751724
751725
751728
751731
751732
751734
751735
751736
751738
751729
751730
751733
751737
751745
751739
751740
751741
751744
751746
751742
751743
751748
751747
751750
751751
751752
751754
751755
751757
751758
751749
751933
751753
751768
751760
751761
751762
751764
751765
751763
751759
751766
751767
751775
751770
751771
751772
751774
751776
751778
751769
751773
751777
751785
751779
751780
751781
751782
751787
751783
751788
751784
751786
751794
751789
751790
751792
751795
751798
751793
751796
751797
751803
751800
751802
751804
751805
751806
751807
751799
751801
751808
751812
751815
751817
751809
751810
751811
751814
751816
751818
751813
751828
751819
751820
751824
751826
751827
751821
751822
751823
751825
751833
751829
751832
751834
751835
751837
751830
751831
751838
751836
751841
751840
751842
751844
751845
751846
751848
751839
751843
751847
751791
751855
751849
751850
751851
751852
751857
751858
751853
751854
751856
751859
751860
751861
751862
751864
751865
751868
751863
751866
751867
751875
751869
751871
751872
751874
751870
751873
751876
751877
751878
751887
751881
751882
751883
751884
751886
751888
751879
751880
751885
751898
751889
751890
751891
751894
751896
751897
751892
751893
751895
751903
751900
751901
751906
751907
751908
751899
751902
751904
751914
751909
751910
751915
751917
751912
751913
751916
751918
751923
751919
751920
751921
751922
751924
751928
751925
751926
751927
751911
751938
751929
751930
751931
751934
751935
751936
751932
751756
751937
751945
751948
751940
751942
751944
751946
751947
751939
751941
751943
751954
751949
751950
751951
751953
751956
751958
751952
751955
751957
751965
751960
751961
751962
751964
751966
751968
751959
751963
751967
751905
751970
751969
751971
751972
751975
751976
751977
751978
751973
751987
751979
751980
751982
751984
751985
751988
751981
751983
751986
751993
751989
751990
751991
751994
751996
751998
751992
751995
751997
751974
752004
751999
752000
752002
752003
752006
752008
752001
752005
752007
752015
752009
752010
752011
752014
752016
752018
752012
752013
752017
752019
752020
752021
752022
752023
752024
752025
752026
752027
752028
752029
752030
752031
752032
752033
752034
752035
752036
752037
752038
805305
805310
805308
805306
805303
805307
805554
805302
805309
805311
805313
805312
805319
805315
805321
805314
805316
805317
805318
805320
805326
805330
805324
805329
805323
805327
805331
805325
805322
805328
805335
805332
805339
805338
805340
805341
805336
805337
805333
805334
805350
805343
805349
805346
805347
805351
805342
805345
805348
805344
805361
805352
805358
805359
805355
805360
805356
805357
805353
805354
805362
805370
805365
805364
805369
805368
805371
805363
805367
805380
805378
805374
805379
805375
805381
805373
805377
805376
805372
805366
805387
805382
805386
805389
805384
805391
805385
805383
805390
805392
805398
805394
805396
805399
805393
805401
805395
805397
805400
805410
805408
805402
805405
805404
805407
805403
805406
805409
805411
805420
805419
805417
805414
805413
805421
805415
805412
805416
805418
805388
805422
805430
805425
805424
805426
805429
805431
805423
805428
805427
805438
805434
805436
805432
805437
805435
805439
805440
805441
805433
805448
805442
805446
805445
805449
805450
805451
805444
805447
805443
805452
805456
805457
805460
805454
805458
805453
805459
805455
805461
805465
805468
805469
805464
805467
805470
805471
805463
805466
805462
805481
805476
805477
805475
805480
805474
805472
805478
805473
805479
805488
805489
805490
805483
805486
805491
805484
805485
805487
805482
805499
805492
805498
805493
805496
805500
805501
805495
805497
805494
805508
805509
805505
805507
805503
805511
805504
805510
805506
805502
805521
805513
805515
805516
805514
805517
805519
805518
805512
805520
805528
805522
805529
805527
805526
805531
805524
805525
805530
805523
805532
805536
805533
805535
805538
805534
805537
805539
805540
805541
805542
805549
805550
805546
805545
805543
805551
805544
805547
805548
805561
805304
805553
805556
805555
805559
805560
805558
805557
805552
805564
805562
805565
805563
805568
805571
805570
805566
805567
805578
805573
805577
805580
805581
805574
805576
805579
805575
805572
805590
805582
805589
805583
805584
805585
805588
805587
805586
805591
805569
805599
805597
805593
805595
805592
805598
805596
805600
805601
805594
805602
805604
805610
805605
805608
805607
805606
805609
805611
805603
805619
805617
805613
805615
805612
805616
805618
805620
805621
805614
805622
805629
805624
805625
805628
805626
805627
805630
805623
805631
805640
805634
805637
805635
805638
805632
805636
805639
805641
805633
805644
805645
805643
805646
805649
805647
805648
805650
805642
805651
805652
805660
805656
805658
805653
805657
805659
805661
805654
805655
805670
805662
805664
805665
805669
805668
805666
805663
805667
805671
805672
805679
805675
805677
805673
805678
805680
805681
805674
805676
838507
838508
838510
838509
838513
838512
838511
838516
838515
838514
838517
838518
838521
838520
838519
838522
838524
838523
838526
838525
838527
838528
838529
838530
838532
838531
838534
838533
838538
838537
838536
838535
838540
838539
838541
838542
838543
838544
838545
838546
838547
838548
838550
838549
838551
838552
838553
838554
838555
838556
838557
786455
786458
786456
786462
786463
786461
786466
786467
838201
838202
838203
838208
838205
838204
838206
838207
828030
828024
828025
828028
828029
828031
828032
828026
828027
828035
828037
828033
828036
828040
828034
828038
828039
828046
828043
828047
828041
828048
828045
828042
828044
828049
828055
828052
828054
828053
828051
828050
828056
828063
828058
828064
828061
828062
828059
828057
828060
828066
828067
828068
828071
828065
828072
828073
828069
828070
828081
828076
828078
828075
828077
828080
828079
828074
828087
828084
828088
828089
828085
828086
828082
828083
828092
828097
828091
828090
828096
828093
828098
828094
828095
828099
828100
828107
828103
828105
828101
828106
828102
828104
828114
828108
828110
828109
828115
828113
828111
828112
828119
828116
828121
828120
828118
828117
828122
828123
828130
828128
828124
828126
828127
828131
828125
828129
828134
828136
828137
828135
828138
828139
828132
828133
828140
828141
828143
828145
828148
828146
828147
828142
828144
828154
828151
828155
828156
828152
828153
828149
828150
828158
828162
828157
828161
828165
828163
828164
828159
828160
828169
828174
828172
828171
828173
828168
828167
828170
828176
828182
828175
828181
828180
828177
828178
828179
828184
828191
828183
828188
828189
828185
828190
828186
828187
828194
828195
828193
828197
828192
828198
828199
828196
828201
828203
828202
828207
828205
828206
828204
828200
828208
828209
828210
828213
828216
828214
828215
828211
828212
828217
828223
828220
828222
828221
828219
828218
828224
828225
828226
828228
828230
828233
828231
828232
828227
828229
828240
828238
828234
828236
828237
828241
828235
828239
828247
828249
828245
828248
828246
828243
828242
828250
828260
828251
828259
828253
828258
828261
828252
828256
828257
828267
828271
828268
828269
828266
828263
828270
828262
828282
828283
828275
828280
828281
828277
828272
828279
832549
832548
832550
832551
832553
832552
843302
843301
843307
843308
843303
843304
843310
843309
843306
843305
843312
843311
792368
792370
797613
792366
792371
792367
792369
797609
792373
797611
797610
797614
797612
797615
799958
792375
792377
799966
799960
799970
799964
799962
799968
792378
799971
799961
799967
797616
797618
799969
797617
799959
799965
799963
829803
829809
829807
829801
829799
829805
829810
829802
829800
829808
829804
829806
835455
835456
835459
835457
835454
835458
835460
835465
835464
835461
835463
835462
835471
835466
835467
835470
835469
835468
835474
835473
835472
835475
835477
835476
835478
835480
835479
835481
835482
835483
835485
835486
835489
835487
835484
835488
828305
828311
828308
828301
828312
828309
828303
828306
828302
828299
828310
828304
828307
828316
828324
828325
828320
828321
828322
828318
828323
828314
828315
828313
828317
828319
828352
828349
828353
828342
828351
828330
828354
828355
828338
828347
828344
828350
828346
828329
828328
828340
828341
828336
828334
828372
828348
828364
828371
828358
828374
828369
828368
828373
828356
828367
828359
828365
828360
828361
828363
828362
828370
828366
828375
828357
798044
798045
798048
798046
798043
798047
798051
798053
798050
798049
798055
798054
800556
800536
800464
800537
800517
800497
800516
800577
800576
800477
800496
800596
800486
800470
800597
800474
800498
800539
800559
800598
800519
800499
800548
800452
800579
800479
800578
800478
800518
800599
800453
800601
800500
800520
800560
800540
800465
800580
800581
800521
800501
800481
800541
800480
800600
800543
800471
800542
800562
800522
800502
800523
800582
800583
800482
800503
800483
800603
800454
800563
800602
800605
800504
800604
800455
800585
800466
800584
800525
800505
800485
800544
800545
800484
800524
800565
800606
800507
800607
800472
800586
800467
800587
800526
800506
800547
800546
800487
800527
800566
800476
800549
800456
800508
800529
800528
800588
800589
800509
800489
800609
800538
800475
800569
800488
800608
800457
800511
800550
800570
800611
800530
800510
800468
800590
800490
800591
800551
800491
800531
800610
800458
800612
800513
800533
800573
800553
800473
800593
800592
800532
800512
800492
800552
800493
800613
800572
800554
800459
800515
800534
800535
800575
800555
800595
800594
800514
800494
800614
800469
800495
800615
827934
827930
827933
827932
827931
827937
827936
827935
827938
827939
827943
827940
827942
827941
827944
827945
827946
827949
827948
827947
827953
827950
827952
827951
827954
827955
827956
827959
827958
827957
827962
827964
827960
827963
827961
827966
827965
827968
827969
827967
827971
827972
827970
827973
827974
827977
827979
827976
827975
827978
827982
827980
827981
827984
827983
827986
827988
827985
827987
827989
827992
827990
827991
827994
827993
827998
827996
827995
827997
827999
828001
828000
828003
828004
828002
828007
828009
828005
828008
828006
828012
828014
828011
828010
828013
828016
828017
828015
828018
828019
774680
801704
801705
744664
744670
744668
744667
744669
744672
744671
744663
744666
744665
744677
744673
744675
744678
744681
744682
744680
744676
744674
744679
744687
744686
744685
744688
744689
744692
744691
744683
744684
744690
744700
744696
744698
744699
744693
744702
744697
744701
744694
744695
744712
744708
744707
744705
744711
744703
744710
744706
744709
744717
744713
744715
744721
744718
744714
744722
744720
744716
744719
744729
744728
744727
744723
744732
744731
744730
744726
744724
744725
744741
744736
744734
744738
744737
744735
744733
744742
744740
744739
744747
744745
744752
744935
744748
744751
744744
744750
744746
744749
744704
744757
744760
744754
744759
744755
744761
744753
744756
744758
744768
744771
744765
744767
744763
744764
744772
744770
744766
744769
744781
744778
744776
744777
744779
744775
744773
744782
744780
744774
744783
744785
744788
744792
744787
744791
744784
744790
744786
744789
744762
744799
744801
744798
744797
744802
744793
744794
744800
744796
744795
744812
744803
744805
744807
744808
744811
744810
744806
744804
744809
744821
744816
744814
744819
744822
744815
744817
744813
744820
744818
744828
744823
744827
744831
744824
744832
744830
744826
744825
744829
744838
744836
744833
744835
744837
744841
744842
744840
744834
744839
744843
744846
744848
744847
744849
744852
744851
744844
744850
744845
744861
744860
744856
744853
744855
744857
744862
744854
744859
744858
744872
744864
744868
744867
744869
744871
744863
744870
744866
744865
744878
744879
744873
744875
744877
744881
744882
744876
744874
744880
744887
744885
744891
744888
744883
744892
744890
744886
744884
744889
744897
744900
744899
744893
744902
744901
744894
744896
744895
744898
744912
744904
744908
744907
744909
744903
744911
744910
744906
744905
744916
744915
744917
744921
744918
744913
744914
744920
744919
744922
744923
744927
744925
744928
744931
744924
744930
744926
744929
744932
744743
744942
744938
744937
744939
744941
744933
744940
744936
744934
744944
744952
744945
744948
744947
744943
744951
744950
744946
744949
744959
744955
744961
744958
744953
744962
744957
744960
744956
744954
744968
744972
744967
744971
744964
744966
744969
744963
744970
744965
744975
744982
744980
744977
744979
744981
744978
744973
744976
744974
744983
744987
744986
744985
744988
744991
744992
744990
744984
744989
745005
745001
744994
744998
744997
744999
745002
744993
745000
744996
744995
745007
745003
745011
745012
745009
745008
745004
745010
745006
745019
745020
745022
745015
745017
745018
745021
745013
745016
745014
745030
745023
745029
745031
745027
745028
745032
745024
745026
745025
745035
745041
745033
745037
745038
745042
745040
745036
745034
745039
798111
798103
798109
798108
798107
798104
798106
798110
798102
798105
798119
798120
798117
798112
798118
798115
798116
798121
798114
798113
798122
798125
798129
798128
798131
798127
798124
798126
798123
798130
798139
798135
798137
798132
798138
798134
798140
798136
798141
798133
798149
798151
798145
798148
798147
798144
798146
798142
798143
798150
798157
798155
798153
798159
798158
798154
798160
798156
798161
798152
798167
798171
798162
798169
798168
798166
798163
798164
798170
798165
798178
798175
798173
798180
798179
798177
798176
798181
798172
798174
798188
798191
798187
798182
798189
798190
798186
798183
798184
798185
798200
798195
798197
798199
798192
798198
798196
798201
798193
798194
798209
798208
798211
798207
798205
798210
798206
798204
798203
798202
798221
798219
798220
798217
798212
798218
798216
798213
798215
798214
798226
798223
798229
798228
798227
798225
798231
798224
798230
798222
798235
798236
798239
798232
798237
798238
798234
798241
798233
798240
798248
798246
798247
798251
798249
798250
798244
798243
798242
798245
798257
798252
798254
798259
798258
798255
798256
798261
798253
798260
798268
798269
798271
798267
798270
798266
798264
798263
798262
798265
798279
798275
798272
798278
798280
798276
798274
798273
798277
798281
798289
798285
798288
798291
798287
798284
798286
798283
798290
798282
798300
798293
798297
798292
798299
798298
798295
798296
798301
798294
798305
798309
798308
798311
798307
798304
798306
798303
798310
798302
798316
798321
798314
798317
798312
798319
798315
798320
798313
798318
798322
798325
798329
798328
798331
798327
798324
798326
798323
798330
798337
798336
798334
798332
798339
798338
798340
798333
798335
798341
798349
798348
798351
798342
798347
798346
798343
798344
798350
798345
798354
798360
798361
798359
798357
798358
798356
798353
798352
798355
798366
798363
798367
798368
798371
798362
798369
798370
798364
798365
798374
798379
798377
798378
798375
798376
798381
798373
798380
798372
798389
798386
798388
798391
798387
798385
798390
798384
798383
798382
798397
798400
798399
798392
798398
798394
798401
798393
798395
798396
798408
798409
798407
798405
798406
798411
798404
798403
798410
798402
798418
798414
798416
798417
798421
798412
798419
798420
798413
798415
798428
798429
798424
798422
798427
798431
798430
798426
798423
798425
798439
798432
798434
798436
798437
798438
798435
798441
798433
798440
798447
798449
798448
798450
798444
798451
798446
798443
798442
798445
798453
798457
798452
798459
798458
798455
798454
798456
798461
798460
798468
798464
798462
798469
798471
798467
798466
798463
798470
798465
798477
798472
798479
798478
798475
798480
798476
798481
798474
798473
751549
751548
751547
751543
751542
751546
751540
751539
751550
751545
752882
752475
751541
752476
751544
751628
751551
751564
751559
751553
751554
751552
752478
751558
752477
751557
752883
781602
781604
751555
751629
751563
781603
751561
751556
781601
752487
752485
781606
781605
781608
752486
781607
782797
782800
752490
782799
782801
782794
782795
782798
782803
752488
752489
782796
782808
782804
782807
782806
782802
782805
782809
784455
784456
784481
784480
784459
784458
784461
784457
784483
784460
784482
784366
784463
784464
784367
784462
785881
785434
785433
785883
785884
785440
785438
785882
786535
786536
786538
786537
787183
787184
821631
821635
821634
821641
821627
821628
821638
821630
821637
821626
821636
821629
821632
821633
821640
821639
821646
821653
827754
821651
821648
821655
821644
827756
821647
821654
827755
821642
821649
821650
821645
821656
821652
821657
827770
821643
821659
831874
827767
831878
827769
831867
831876
831877
827768
821660
831869
827771
821658
831875
831868
831872
821663
831883
831882
831879
821662
831881
831870
831880
821661
831871
834930
834924
834927
834926
834931
834929
834928
834925
834935
834938
834932
834934
834937
834939
834933
834936
834941
834942
834940
834943
834946
834945
834944
834947
834948
834949
834951
834950
834952
834953
762026
762028
762027
762029
762033
762032
762030
762034
762031
762041
762040
762035
762043
762039
762042
762038
762036
762037
762051
762046
762048
762045
762050
762047
762044
762052
762049
762053
762058
762057
762054
762055
762060
762061
762059
762056
762062
762065
762067
762064
762069
762070
762068
762063
762066
762076
762079
762078
762077
762074
762071
762075
762073
762072
762080
762081
762083
762085
762088
762082
762086
762087
762084
762094
762092
762090
762091
762097
762093
762089
762096
762095
762098
762105
762102
762099
762106
762104
762101
762100
762109
762111
762115
762110
762114
762113
762108
762107
762103
762112
762117
762120
762124
762118
762116
762123
762121
762119
762122
762126
762129
762128
762131
762132
762127
762133
762130
762125
762140
762139
762137
762136
762135
762138
762134
762141
762142
762145
762151
762143
762146
762144
762148
762149
762150
762147
762154
762156
762153
762159
762157
762160
762158
762155
762152
762167
762164
762162
762169
762163
762166
762161
762165
762168
762177
762178
762170
762173
762176
762171
762174
762172
762175
818566
818564
818569
818570
818568
818567
818571
818572
818578
818577
818576
818573
818580
818582
818587
818583
818584
818585
818586
818581
818574
818590
818588
818589
818594
818591
818593
818592
818595
818596
818597
818599
818601
818600
818602
818598
818603
818579
818565
818575
818605
818607
818609
818610
818606
818604
818611
818608
818618
818612
818614
818615
818613
818616
818617
818619
818621
818620
818623
818622
818625
818624
818626
818627
818628
818629
818631
818630
818632
818634
818633
818635
818641
818638
818636
818637
818640
818642
818639
818643
818645
818647
818644
818646
818650
818649
818648
818651
818653
818652
818656
818654
818657
818655
818658
818659
818661
818662
818663
818666
818664
818665
818667
818660
818673
818669
818670
818672
818671
818674
818668
818675
818676
818677
818682
818683
818680
818678
818681
839281
839279
839282
839280
839845
839846
818679
792611
792610
792614
792613
792612
792615
792609
792607
792616
792624
792625
792623
792618
792620
792619
792626
792621
792617
792622
792631
792636
792632
792634
792628
792630
792627
792635
792633
792643
792638
792641
792639
792645
792642
792646
792640
792644
792656
792654
792653
792648
792650
792652
792649
792647
792655
792651
792665
792663
792657
792658
792661
792666
792660
792662
792659
792668
792674
792672
792671
792667
792670
792669
792673
792676
792675
792680
792681
792678
792683
792685
792677
792679
792682
792686
792684
792695
792690
792687
792693
792689
792692
792696
792691
792694
792702
792701
792697
792699
792703
792700
792705
792698
792704
792706
792709
792712
792713
792714
792711
792708
792716
792710
792707
792715
792664
792637
792608
792725
792720
792717
792723
792719
792726
792721
792718
792722
792724
792739
792629
792740
792733
792727
792730
792732
792728
792734
792736
792735
792729
792731
792745
792742
792741
792738
792744
792737
792746
792743
792750
792756
792754
792751
792749
792752
792747
792748
792755
792753
792764
792762
792760
792765
792759
792761
792763
792758
792757
792766
792776
792771
792767
792769
792774
792775
792770
792773
792772
792768
792688
792777
792779
792786
792781
792782
792780
792783
792784
792785
792778
792793
792796
792794
792787
792788
792789
792791
792792
792790
792795
792797
792799
792800
792801
792803
792805
792806
792802
792804
792798
801358
801359
801360
801361
801368
801366
801369
801367
801621
801623
801622
801624
801687
801688
844722
844727
844719
844721
844718
844724
844720
844726
844725
844723
844729
844730
844728
844731
844736
844734
844737
844733
844735
844732
844746
844738
844742
844740
844739
844741
844745
844744
844747
844743
844751
844755
844748
844752
844754
844756
844757
844749
844750
844753
844758
844767
844766
844759
844762
844760
844765
844763
844761
844764
844777
844768
844776
844773
844769
844774
844771
844770
844775
844772
844781
844779
844785
844786
844783
844787
844782
844780
844778
844784
844791
844796
844797
844790
844795
844789
844792
844788
844793
844794
844800
844805
844803
844802
844806
844801
844804
844799
844798
844807
844812
844809
844817
844811
844816
844808
844813
844810
844814
844815
844820
844825
844827
844819
844824
844818
844821
844826
844822
844823
844829
844834
844832
844837
844831
844835
844830
844833
844828
844836
844839
844844
844846
844847
844843
844838
844840
844845
844841
844842
844848
844853
844851
844857
844850
844854
844856
844849
844852
844855
844858
844867
844863
844865
844862
844859
844866
844864
844860
844861
844872
844870
844877
844876
844869
844873
844875
844868
844871
844874
844886
844882
844884
844881
844878
844887
844885
844883
844879
844880
844896
844891
844889
844897
844895
844888
844892
844894
844890
844893
844905
844901
844903
844907
844900
844906
844904
844902
844898
844899
844915
844910
844908
844917
844914
844911
844913
844916
844909
844912
799363
799364
799365
799366
799369
799368
799367
799371
799370
799372
799373
799374
799375
799377
799376
799378
799379
799380
801672
801673
801674
801675
801676
801677
801678
801679
788595
788593
788596
788594
788599
788598
788600
788597
788601
788604
788605
788602
788603
788608
788610
788607
788606
788609
788614
788611
788613
788612
788617
788616
788618
788615
788619
788623
788621
788622
788620
788626
788628
788625
788624
788627
788632
788629
788631
788630
788635
788634
788636
788633
788637
788641
788639
788640
788638
788644
788646
788643
788642
788645
788650
788647
788649
788648
788653
788651
788652
788654
788655
788659
788657
788656
788658
788662
788664
788661
788660
788663
788668
788665
788666
788671
788669
788670
788672
788667
788673
788677
788675
788674
788676
788680
788681
788679
788678
788682
788686
788683
788685
788684
788691
788687
788689
788690
788688
788692
788695
788698
788699
788693
788697
788694
788700
788696
788704
788701
788703
788702
788709
788705
788707
788708
788706
788713
788716
788711
788710
788712
788715
788717
788714
788718
788722
788719
788721
788720
788725
788723
788724
788726
788727
788729
788728
788730
788731
788734
788733
788735
788732
788736
788737
788739
788743
788740
788745
788742
788741
788738
788744
801251
801250
801253
801252
801254
801255
801257
801256
801355
801354
801357
801356
801629
801630
840308
840302
840301
840306
840309
840304
840305
840303
840307
840317
840311
840310
840314
840315
840313
840318
840316
840312
840326
840320
840319
840324
840327
840322
840323
840321
840325
840336
840329
840328
840332
840334
840333
840331
840330
840335
840343
840341
840338
840337
840345
840340
840339
840344
840342
840353
840347
840352
840346
840351
840354
840348
840349
840357
840356
840355
840360
840363
840359
840358
840362
840361
840365
840364
840370
840372
840368
840369
840367
840366
840371
840375
840374
840378
840379
840376
840377
840381
840380
840373
840384
840383
840382
840388
840390
840386
840387
840385
840389
840393
840392
840391
840396
840397
840394
840395
840399
840398
840350
840401
840400
840402
840404
840405
840403
840407
840406
840408
840411
840409
840410
840414
840415
840412
840413
840417
840416
840419
840420
840418
840424
840426
840422
840423
840421
840425
840428
840427
840432
840433
840429
840431
840435
840434
840430
840438
840437
840436
840442
840444
840440
840441
840439
840443
840447
840446
840445
840450
840451
840448
840449
840453
840452
731767
731770
731768
731769
731771
731774
731773
731777
731772
731776
731775
731779
731780
731778
731781
731783
731782
731786
731784
731785
731787
731788
731789
731792
731790
731791
731793
731795
731794
731797
731798
731796
731801
731799
731800
731802
731806
731804
731805
731803
731810
731808
731807
731809
731814
731813
731812
731811
731815
731816
731818
731817
731819
731820
731821
731822
731823
731824
731826
731825
731827
731828
731829
731830
788536
788539
788541
788538
788540
788537
788542
788544
788545
788546
788547
788543
790738
790726
790690
790776
790775
790739
790727
790691
790702
790703
790763
790750
790751
790714
790692
790728
790764
790777
790778
790740
790729
790704
790715
790693
790741
790765
790716
790694
790717
790730
790752
790705
790731
790766
790753
790742
790718
790743
790779
790780
790767
790755
790768
790756
790706
790782
790732
790769
790733
790757
790744
790781
790695
790745
790758
790707
790770
790719
790709
790708
790696
790783
790759
790784
790720
790746
790721
790772
790771
790760
790697
790747
790722
790723
790762
790786
790761
790785
790734
790698
790749
790699
790710
790748
790711
790735
790700
790773
790774
790724
790736
790701
790737
790725
790712
790713
800835
800833
800838
800843
800837
800834
800832
800836
800831
800840
800846
800841
800845
800842
800844
800839
801320
801317
801296
801342
801297
801321
801344
801318
801680
801663
801681
801664
827601
827714
841543
841546
841547
841545
841544
841542
841552
841549
841553
841551
841550
841548
841557
841568
841566
841569
841562
841555
841565
841563
841567
841560
841564
841580
841561
841559
841579
841587
841558
841556
841585
841554
841597
841584
841578
841572
841576
841581
841571
841574
841586
841583
841575
841573
841600
841594
841602
841603
841591
841595
841601
841598
841590
841570
841592
841596
841599
841648
841629
841622
841635
841588
841589
841628
841647
841641
841611
841593
841610
841642
841644
841623
841604
841605
841636
841616
841630
841643
841612
841613
841631
841617
841624
841607
841650
841638
841618
841625
841637
841634
841619
841646
841649
841645
841606
841632
841614
841615
841627
841626
841620
841621
841640
841639
841652
841651
841608
841609
782701
782703
782704
782697
782699
782702
782698
782700
782707
782711
782708
782709
782705
782712
782710
782706
782715
782719
782713
782717
782714
782716
782720
782718
782727
782721
782725
782723
782724
782722
782728
782726
782731
782735
782732
782729
782733
782736
782734
782730
782737
782741
782743
782739
782740
782742
782738
782744
782751
782749
782752
782747
782745
782746
782748
782750
782755
782759
782753
782754
782757
782756
782760
782758
782763
782767
782761
782765
782762
782764
782768
782766
782775
782769
782773
782771
782772
782770
782776
782774
782781
782783
782784
782777
782779
782782
782778
782780
782787
782791
782788
782789
782785
782792
782790
782786
788097
788103
788105
788102
788101
788099
788104
788100
788113
788110
788106
788111
788108
788112
788107
788109
799715
799713
799720
799717
799718
799723
799714
799716
800858
800857
800859
800860
800865
832694
832693
832668
832626
832656
832662
832678
832633
832680
832620
832644
832638
832715
832651
832681
832705
832645
832684
832683
832652
832621
832706
832642
832712
832696
832669
832637
832695
832674
832663
832627
832657
832646
832685
832686
832654
832622
832639
832707
832713
832697
832628
832698
832675
832666
832670
832658
832636
832700
832676
832699
832629
832635
832659
832671
832667
832687
832623
832647
832708
832714
832640
832655
832688
832648
832689
832690
832653
832641
832716
832624
832709
832701
832679
832634
832702
832672
832660
832630
832664
832704
832703
832673
832632
832661
832665
832677
832631
832691
832625
832650
832643
832711
832649
832692
832710
839786
839782
839780
839781
839783
839784
839787
839785
839789
839788
839790
839794
839793
839795
839791
839792
766709
766710
766711
766707
766714
766715
766719
766717
766723
766724
766728
766725
766734
766730
766737
766736
766747
766740
766745
766748
766749
766752
766751
766750
766754
766755
766753
766763
766756
766765
766767
766766
766769
766768
766772
766771
766925
766770
766926
767059
767063
767062
767061
767060
767064
767070
767071
767068
787038
787036
787037
787035
787042
787040
787039
787041
798023
798024
798028
798029
800396
800401
812949
812947
812948
812951
812952
812950
812954
812953
812956
812957
812955
812960
812958
812959
812962
812961
812963
812965
812964
812967
812968
812966
812969
812970
812971
812972
812975
812974
812973
812976
812978
812977
812981
812979
812980
812982
812983
812984
812986
812985
812988
812989
812987
812991
812990
812993
812992
812994
838698
838697
838700
838699
838702
838704
838701
838703
789659
789660
789661
789662
789663
789666
789664
789665
789667
789670
789671
789672
789673
789674
789669
789668
789675
789676
789677
789679
789678
789685
789684
789682
789680
789681
789683
789688
789689
789690
789686
789748
789691
789692
789687
789693
789694
789702
789695
789701
789697
789696
789698
789699
789706
789705
789707
789703
789704
789710
789708
789709
789711
789712
789714
789715
789713
789717
789718
789720
789719
789716
789724
789723
789725
789721
789729
789728
789726
789727
789722
789730
789731
789733
789738
789737
789732
789735
789734
789736
789741
789742
789744
789743
789740
789747
789745
789746
789739
789750
789749
789751
789757
789755
789756
789754
789760
789761
789763
789758
789762
789759
789765
789766
789764
789700
789752
789753
789770
789775
789769
789768
789767
789774
789772
789773
789771
789779
789780
789778
789781
789783
789777
789776
789784
789782
789792
789786
789785
789788
789790
789793
789787
789789
789791
789795
789797
789798
789796
789799
789794
789800
789801
789802
789808
789805
789810
789806
789807
789811
789803
789804
789809
801060
801061
801147
801148
801316
801319
842022
842024
842025
842023
842027
842026
842028
842029
842037
842033
842031
842032
842035
842036
842034
842030
842043
842038
842044
842041
842042
842039
842040
842045
842046
842047
842052
842051
842050
842048
842049
842053
842545
842549
842546
842550
842544
842547
842548
842551
842559
842557
842555
842558
842556
842554
842553
842552
842562
842560
842565
842561
842563
842567
842564
842566
842569
842568
842570
842572
842571
842575
842573
842574
842576
842579
842577
842580
842578
842581
842582
842583
842584
842585
842587
842586
842588
842591
842590
842589
842592
842594
842595
842593
842596
842599
842598
842597
842600
842615
842602
842601
842603
842606
842604
842605
842608
842609
842607
842610
842611
842612
842614
842613
761867
761865
761869
761868
761864
761870
761874
761881
761880
761873
761879
761877
761875
761876
761878
761889
761888
761882
761885
761886
761887
761884
761890
761883
761895
761893
761891
761892
761896
761897
761899
761898
761894
761901
761907
761902
761904
761905
761903
761906
761900
761908
761916
761909
761910
761912
761917
761913
761911
761914
761915
761923
761918
761924
761920
761925
761926
761921
761922
761919
761866
761872
761871
761931
761928
761932
761935
761934
761930
761933
761927
761929
761940
761936
761942
761937
761939
761938
761941
761943
761944
761946
761947
761949
761951
761948
761953
761950
761945
761952
761959
761956
761954
761960
761958
761957
761961
761955
761967
761966
761963
761970
761964
761965
761969
761968
761971
761978
761973
761980
761976
761972
761979
761977
761974
761975
761985
761989
761982
761988
761984
761986
761987
761981
761983
761962
761990
761994
761992
761998
761991
761996
761993
761995
761997
762002
762003
762004
761999
762001
762005
762007
762000
762006
762010
762011
762014
762009
762016
762013
762008
762012
762015
762021
762023
762020
762024
762018
762022
762019
762025
762017
786695
786693
786691
786694
786692
786696
786697
786698
786701
786702
786699
786700
786704
786706
786705
786703
786710
786709
786708
786707
786713
786714
786711
786712
788096
788098
805221
805216
805212
805214
805213
805215
805220
805218
805217
805225
805224
805227
805229
805228
805230
805226
805223
805222
805239
805241
805235
805238
805236
805237
805234
805233
805240
805232
805245
805242
805249
805247
805244
829569
805246
805250
805248
805243
805258
805231
805259
805256
805257
805260
805253
805261
805255
805254
805268
805270
805269
805262
805271
805267
805266
805263
805279
805275
805280
805277
805272
805273
805291
805287
805286
805285
805288
805283
805289
805290
805282
805301
805295
805297
805293
805294
805296
805292
805299
805298
805300
805276
806070
806066
806069
806068
806062
806071
806064
806067
806065
806075
806072
806078
806077
806081
806073
806076
806074
806079
806087
806085
806088
806084
806082
806090
806089
806086
806083
806091
806063
806099
806101
806095
806092
806098
806100
806096
806094
806093
806097
805252
806080
806107
806103
806108
806105
806102
806106
806110
806104
806111
806109
806113
806119
806120
806117
806121
806115
806116
806114
806112
805265
806118
805278
805274
805219
805281
805284
806127
806123
806135
806134
806132
806128
806125
806124
806126
806122
805264
806146
806144
806147
806140
806142
806139
806149
806145
806148
806159
806158
806157
806152
806150
806156
806154
806153
806151
806155
806161
806160
806284
806282
806287
806288
806285
806283
806289
806286
806143
806292
806298
806290
806297
806299
806291
806296
806295
806293
806294
838400
838399
838402
838401
838404
838403
838406
838405
839090
839091
839098
839096
839538
839539
792067
792066
792068
792064
792071
792065
792070
792069
792072
792074
792073
792075
792081
792079
792080
792076
792078
792082
792077
792084
792087
792085
792086
792083
792092
792093
792094
792091
792090
792088
792089
792099
792096
792098
792095
792097
792104
792108
792100
792107
792102
792105
792106
792103
792101
792110
792111
792109
792116
792121
792118
792112
792117
792115
792114
792113
792119
792120
792122
792123
792124
792131
792125
792128
792127
792130
792129
792126
792132
792135
792134
792133
798000
798001
798003
798002
799382
799712
800390
840764
840765
840766
840769
840767
840779
840768
840763
840771
840773
840772
840774
840776
840777
840770
840778
840781
840775
840780
840784
840786
840782
840783
840785
840796
840793
840790
840792
840791
840787
840789
840788
840797
840795
840794
840798
840804
840802
840805
840801
840806
840799
840800
840809
840803
840808
840807
840810
840813
840814
840816
840815
840817
840811
840812
840822
840821
840819
840818
840820
840825
840829
840828
840823
840830
840827
840824
840826
840832
840833
840831
840834
782812
782827
782816
782811
782813
782818
782821
782826
782814
782817
782822
782832
782834
782825
782833
782828
782831
782819
782820
782815
782830
782824
782823
782829
782854
782839
782841
782842
782856
782843
782853
782844
782835
782850
782847
782855
782837
782848
782846
782857
782852
782851
782845
782838
782840
782858
782849
782836
782882
782877
782876
782860
782865
782862
782879
782870
782867
782866
782873
782871
782869
782874
782880
782868
782864
782875
782872
782878
782861
782863
782881
782859
782884
782887
782889
782888
782891
782890
782901
782898
782886
782883
782894
782895
782904
782903
782885
782905
782906
782900
782892
782902
782896
782899
782893
782897
782925
782912
782914
782913
782927
782916
782926
782908
782921
782920
782928
782910
782919
782917
782930
782923
782924
782918
782909
782911
782929
782922
782907
782915
782932
782947
782936
782931
782933
782938
782941
782946
782934
782937
782942
782952
782954
782945
782953
782948
782951
782939
782940
782935
782950
782944
782943
782949
788119
788118
788114
788129
788121
788123
788127
788126
788120
788125
788116
788115
788128
788122
788117
788124
788131
788143
788132
788135
788136
788139
788130
788140
788141
788144
788145
788134
788138
788137
788133
788142
797441
797436
797435
797442
797440
797438
797439
797437
797444
797449
797448
797443
797446
797450
797447
797445
799721
799722
799719
799724
799726
799727
799728
799725
800853
800854
800855
800856
800866
833266
833000
833267
833279
833158
833171
833218
833207
833182
833159
833170
832999
833242
833243
833183
833278
833254
833194
833231
833206
833230
833219
833255
833195
833281
833244
833232
833001
833184
833196
833280
833245
833269
833172
833256
833221
833185
833161
833233
833208
833002
833257
833173
833220
833160
833268
833209
833197
833271
833282
833163
833223
833246
833187
833270
833175
833004
833247
833222
833186
833162
833234
833003
833258
833174
833283
833259
833199
833211
833210
833235
833198
833006
833273
833285
833248
833236
833177
833005
833188
833200
833284
833213
833165
833176
833260
833249
833212
833189
833224
833164
833237
833272
833225
833261
833201
833286
833251
833239
833008
833191
833203
833287
833250
833274
833179
833263
833226
833190
833166
833238
833215
833007
833262
833178
833227
833167
833275
833214
833202
833276
833010
833277
833289
833168
833181
833228
833217
833192
833169
833180
833009
833252
833253
833193
833288
833264
833204
833241
833216
833240
833229
833265
833205
839801
839800
839804
839803
839807
839799
839806
839809
839802
839810
839808
839805
839811
839813
839798
839812
839814
839819
839817
839828
839826
839820
839822
839821
839823
839829
839824
839818
839816
839825
839815
839827
788761
788750
788753
788754
788760
788748
788752
788751
788749
788747
788758
788756
788755
788759
788757
788773
788769
788768
788775
788776
788762
788763
788772
788764
788767
788765
788770
788766
788774
788771
788786
788777
788785
788789
788783
788778
788787
788782
788780
788784
788779
788781
788788
788790
788791
788799
788794
788804
788795
788792
788798
788806
788802
788797
788796
788801
788793
788803
788805
788800
788807
788812
788811
788810
788821
788818
788813
788820
788814
788809
788819
788816
788808
788817
788815
788823
788834
788830
788826
788828
788822
788824
788835
788833
788831
788827
788825
788829
788832
788836
788851
788843
788847
788838
788839
788845
788850
788842
788837
788841
788849
788846
788844
788840
788853
788856
788866
788864
788862
788865
788861
788857
788859
788858
788855
788860
788852
788863
788854
788867
788877
788878
788870
788868
788874
788873
788869
788872
788876
788880
788875
788879
788881
788871
788895
788893
788892
788884
788887
788882
788888
788891
788889
788894
788886
788890
788896
788883
788885
788848
788909
788906
788908
788900
788907
788898
788905
788904
788903
788901
788902
788910
788911
788897
788899
788922
788924
788923
788921
788914
788912
788918
788913
788916
788920
788917
788919
788925
788915
788926
788939
788941
788936
788928
788927
788931
788932
788930
788937
788929
788935
788940
788934
788938
788944
788953
788945
788946
788949
788955
788950
788947
788951
788956
788943
788942
788948
788954
788952
788970
788968
788967
788959
788969
788961
788960
788966
788957
788965
788963
788971
788962
788964
788958
788933
788973
788975
788986
788976
788982
788974
788972
788985
788981
788983
788978
788984
788980
788977
788979
789000
788991
788998
788997
788989
788993
788990
788996
788994
788988
788995
789001
788992
788999
788987
789011
789002
789013
789008
789005
789003
789016
789012
789014
789009
789007
789010
789004
789006
789015
789022
789030
789018
789031
789023
789028
789021
789017
789024
789027
789025
789026
789029
789019
789039
789042
789037
789034
789043
789046
789036
789033
789045
789040
789032
789041
789035
789044
789038
789053
789060
789052
789055
789058
789050
789061
789059
789047
789048
789056
789057
789049
789051
789054
789073
789062
789064
789069
789066
789071
789075
789063
789070
789067
789072
789074
789068
789076
789091
789088
789083
789077
789082
789079
789087
789090
789078
789086
789081
789085
789089
789084
789080
789105
789094
789098
789095
789101
789092
789103
789104
789093
789097
789100
789099
789106
789096
789102
789119
789108
789110
789111
789120
789117
789116
789112
789107
789121
789113
789118
789109
789114
789115
789130
789129
789124
789132
789134
789136
789122
789128
789125
789135
789133
789127
789123
789131
789126
789065
789139
789143
789145
789146
789140
789147
789137
789141
789142
789148
789144
789149
789151
789150
789138
789020
789161
789160
789152
789156
789155
789158
789157
789154
789163
789153
789164
789165
789166
789159
789162
789176
789172
789173
789167
789178
789175
789180
789169
789168
789179
789177
789171
789181
789174
789170
789191
789190
789188
789185
789194
789189
789192
789184
789195
789196
789182
789187
789183
789186
789193
838252
838254
838249
838250
838256
838253
838255
838251
838558
838560
838559
838451
838561
838565
838562
838563
838452
838564
828377
755303
755305
755307
755309
755310
755311
755312
755306
755308
755304
755313
755314
755315
755316
755319
755321
755317
755320
755322
755318
755324
755325
755327
755328
755329
755330
755332
755323
755326
755331
755333
755334
755335
755337
755339
755340
755341
755342
755338
755336
755343
755344
755348
755349
755350
755352
755345
755346
755347
755351
755353
755354
755355
755356
755357
755358
755359
755361
755362
755360
755363
755365
755366
755367
755369
755370
755364
755368
755371
755372
755373
755374
755375
755376
755377
755378
755380
755379
755381
755382
755384
755387
755388
755389
755391
755392
755383
755385
755390
755386
755393
755395
755397
755398
755399
755401
755402
755394
755400
755396
755403
755404
755405
755406
755407
755412
755408
755409
755410
755411
755413
755415
755417
755419
755420
755421
755422
755416
755418
755414
755423
755424
755425
755426
755428
755429
755431
755432
755427
755430
755434
755435
755436
755437
755438
755439
755433
755440
755441
755442
755444
755445
755446
755447
755448
755450
755451
755443
755452
755449
755453
755454
755455
755456
755458
755460
755462
755459
755461
755457
755463
755464
755466
755468
755469
755471
755472
755465
755467
755470
755473
755474
755475
755476
755477
755478
755479
755480
755481
755482
755483
755484
755486
755487
755488
755489
755490
755491
755492
755485
755493
755494
755495
755496
755497
755498
755499
755500
755501
755502
755504
755505
755506
755507
755508
755510
755511
755512
755503
755509
755513
755514
755516
755518
755519
755520
755521
755517
755522
755515
755524
755525
755526
755527
755528
755530
755531
755532
755523
755529
755533
755535
755536
755537
755539
755540
755541
755534
755538
755542
755543
755545
755546
755552
755550
755544
755547
755548
755551
755549
755553
755554
755555
755557
755558
755560
755561
755556
755559
755562
755564
755567
755568
755570
755571
755572
755563
755566
755573
755574
755577
755575
755579
755580
755576
755581
755582
755578
755569
755583
755584
755586
755588
755590
755592
755585
755587
755589
755591
755593
755596
755597
755599
755600
755601
755602
755594
755595
755598
755603
755605
755607
755608
755609
755611
755612
755604
755610
755606
755624
755613
755617
755618
755619
755620
755621
755622
755615
755616
755614
755625
755626
755627
755629
755632
755630
755631
755634
755635
755637
755638
755639
755640
755641
755642
755633
755636
755628
755565
755643
755646
755647
755648
755649
755650
755652
755644
755651
755645
755654
755656
755657
755658
755659
755661
755662
755655
755660
755653
755663
755664
755666
755667
755668
755670
755672
755665
755669
755671
755623
755673
755674
755675
755676
755677
755678
755679
755680
755681
755682
803162
803168
803170
803167
803169
803163
803171
803166
803164
803165
803177
803175
803179
803178
803180
803181
803176
803172
803174
803173
803182
803191
803187
803189
803190
803183
803186
803188
803184
803185
803198
803195
803193
803201
803199
803192
803200
803194
803197
803196
803209
803206
803204
803205
803203
803210
803208
803202
803211
803207
803220
803218
803212
803221
803219
803215
803214
803217
803216
803213
803222
803223
803230
803225
803231
803224
803228
803229
803226
803227
803237
803239
803236
803240
803235
803232
803241
803234
803233
803238
803243
803251
803247
803244
803245
803246
803242
803250
803248
803249
803254
803258
803253
803261
803260
803252
803259
803257
803255
803256
803266
803267
803268
803269
803262
803271
803265
803270
803264
803263
803276
803280
803281
803278
803272
803277
803274
803279
803275
803273
803288
803283
803286
803285
803289
803284
803287
803282
803291
803290
803300
803294
803296
803295
803297
803298
803299
803292
803293
803301
803309
803303
803311
803302
803307
803305
803308
803310
803306
803304
803315
803317
803319
803314
803320
803318
803312
803321
803316
803313
803329
803325
803328
803322
803330
803324
803323
803331
803326
803327
803341
803333
803339
803335
803338
803334
803332
803336
803340
803337
803343
803350
803349
803344
803342
803351
803347
803348
803346
803345
803357
803353
803360
803358
803352
803356
803359
803355
803354
803361
803363
803365
803368
803371
803362
803366
803370
803369
803364
803367
803375
803377
803374
803373
803381
803380
803378
803376
803372
803379
803391
803389
803388
803385
803383
803387
803382
803386
803384
803390
803397
803393
803395
803398
803400
803396
803399
803392
803401
803394
803407
803408
803405
803410
803411
803404
803403
803409
803402
803406
803417
803415
803419
803420
803421
803414
803416
803412
803413
803418
803429
803425
803423
803424
803426
803430
803427
803422
803428
803431
803434
803436
803440
803432
803433
803437
803435
803439
803441
803438
803449
803451
803443
803444
803450
803448
803442
803445
803446
803447
803461
803459
803458
803453
803455
803457
803454
803460
803452
803456
803471
803465
803462
803466
803463
803464
803469
803468
803467
803470
803480
803472
803475
803477
803479
803474
803476
803478
803481
803473
803483
803489
803490
803491
803488
803486
803484
803487
803485
803482
803493
803494
803495
803496
803501
803492
803498
803497
803499
803500
803507
803503
803504
803509
803506
803508
803510
803502
803511
803505
803518
803520
803513
803515
803514
803517
803519
803516
803512
803521
803526
803531
803528
803524
803530
803522
803525
803523
803527
803529
803532
803535
803538
803533
803540
803534
803541
803537
803539
803536
782486
782530
782520
759872
769262
783080
783079
782518
782522
782521
769751
782525
782523
781643
777214
782526
782527
777908
769755
777219
747713
779227
782108
769756
783249
777631
780115
784864
782462
769752
769260
783843
785096
747714
781597
784865
782463
747715
779226
769261
769753
784863
783845
782967
785849
786020
786012
786019
769263
783841
783844
747716
785872
784872
785098
786027
786016
786025
786024
786026
783772
786023
780114
786022
786018
786021
769057
781644
783842
785954
788746
792058
791953
791954
792059
792060
787826
794929
788477
788478
799820
787805
799337
799710
787246
799381
797199
794063
793663
794273
747717
799654
799711
797434
799806
799342
799949
786028
799948
799343
799336
799338
797200
799340
799344
799341
788479
799339
794064
799655
788480
800818
801626
801559
801627
801575
801558
788481
801560
801570
801648
801537
797433
800947
801732
799585
768517
801561
801562
801564
801571
801563
801722
801566
801565
801572
788482
801567
800948
801568
747718
801569
802876
801574
799656
801628
801059
799588
831611
829905
830918
833324
831911
817741
799586
831612
831912
801603
828376
799587
837295
799589
834860
835762
833548
837623
837625
837627
837624
837632
837633
835292
837630
837813
837631
837626
837629
834879
837628
837815
838155
837643
837635
837638
787012
837637
837639
837640
837816
837908
837642
837636
837634
837907
842519
842520
842521
842522
840454
840455
842470
846405
846953
842617
846404
842616
842626
846406
844240
842620
842621
842618
847252
842622
844313
842619
842623
799590
844694
842624
846407
846951
844257
818075
844261
842627
838257
844238
842628
842629
842630
846952
844272
837837
844267
835293
846408
842636
848125
842632
844280
842633
842631
842635
842625
842634
842637
844703
844286
846409
844295
846956
846949
844296
846410
844298
844297
844709
844303
844302
844299
844301
844300
846411
844237
848117
847254
844304
847245
846958
844306
847253
844308
847215
846412
846950
844309
844310
752908
752912
752911
752910
752909
752913
752915
752914
752916
752917
752919
752920
752918
752921
752922
752924
752925
752923
752926
752930
752927
752928
752933
752934
752929
752932
752931
752935
752938
752937
752936
752939
752942
752943
752941
752940
752946
752944
752945
752947
752948
752952
752949
752950
752951
752953
752955
752954
752956
752961
752958
752959
752957
752960
752966
752962
752963
752965
752964
752967
752968
752969
752970
752971
752975
752972
752973
752974
752977
752979
752978
752976
752984
752983
752982
752981
752980
752986
752988
752987
752985
752989
752995
752992
752991
752990
752996
752994
752997
752993
752999
753001
753000
753002
753006
753005
753003
752998
753004
753007
753008
753010
753013
753009
753012
753015
753011
753014
753017
753020
753016
753018
753019
753021
753024
753023
753022
753025
753027
753029
753028
753026
753030
753031
753032
753034
753038
753035
753037
753036
753041
753040
753039
753042
753043
753045
753047
753044
753051
753048
753050
753046
753049
753033
753052
753056
753054
753055
753053
753059
753060
753058
753057
753061
753064
753063
753062
753065
753067
753068
753069
753066
753070
753072
753073
753071
753074
753075
753077
753078
753076
753081
753082
753079
753083
753080
753087
753085
753084
753086
753088
753089
753094
753092
753093
753091
753090
753096
753095
753097
753098
753100
753101
753099
753105
753102
753104
753103
753106
753110
753108
753107
753109
753114
753112
753113
753111
753115
753116
753117
753119
753122
753123
753118
753120
753121
753124
753126
753127
753128
753125
753129
753131
753130
753132
753133
753136
753137
753135
753134
753140
753138
753141
753139
753142
753146
753147
753145
753144
753149
753150
753143
753148
753151
753155
753152
753154
753153
753156
753158
753157
753159
753163
753164
753160
753161
753162
753166
753167
753165
753168
753169
753170
753173
753172
753171
753177
753176
753175
753174
753178
753179
753180
753181
753182
753185
753186
753183
753184
753187
753191
753190
753189
753188
753192
753194
753195
753193
753198
753201
753203
753204
753196
753200
753202
753199
753197
753213
753210
753207
753211
753208
753209
753206
753212
753205
801351
801350
801353
801352
801619
801620
802229
802227
802230
802233
802228
802225
802232
802231
802226
802234
802236
802235
802238
802237
802241
802242
802239
802240
802243
802244
802247
802245
802250
802249
802251
802246
802248
802252
802255
802253
802256
802254
802258
802257
802260
802259
802261
802263
802265
802262
802264
802268
802266
802269
802267
802270
802273
802272
802271
802274
802276
802278
802275
802277
802282
802281
802280
802283
802279
802286
802284
802287
802285
802288
802292
802289
802290
802291
802296
802294
802293
802295
802298
802300
802299
802301
802297
802304
802302
802305
802303
802306
802308
802309
802310
802307
802314
802313
802311
802312
802315
802317
802319
802318
802316
802320
802323
802322
802321
802324
802325
802326
802328
802327
802331
802329
802330
802332
802333
802335
802337
802334
802336
802341
802339
802338
802340
802342
802344
802345
802343
802348
802349
802347
802350
802346
802351
802355
802353
802352
802354
802357
802358
802359
802356
802360
802364
802361
802363
802362
802367
802365
802368
802366
802369
802373
802371
802372
802377
802374
802376
802370
802375
802378
802382
802380
802381
802379
802383
802385
802384
802386
802387
802389
802390
802388
802391
802395
802392
802393
802394
802397
802396
802398
802400
802401
802399
802402
802404
802403
802405
802409
802407
802408
802406
802413
802412
802410
802411
802414
802415
802417
802418
802416
802419
802420
802421
802422
802423
802424
802426
802427
802425
802430
802428
802431
802429
802432
802433
802436
802435
802434
802439
802440
802438
802437
802441
802442
802444
802443
802445
802449
802447
802448
802446
802450
802453
802451
802454
802452
802458
802455
802457
802456
802459
802463
802462
802461
802460
802467
802464
802465
802466
802468
802470
802471
802472
802469
802475
802474
802473
802476
802479
802478
802480
802477
802481
802484
802485
802482
802483
802486
802487
802490
802488
802489
802493
802494
802492
802491
802495
802498
802497
802499
802496
802500
802503
802502
802501
802504
802505
802507
802506
802510
802508
802509
802512
802511
802514
802516
802518
802519
802521
802517
802520
802515
802513
802529
802526
802528
802530
802523
802524
802525
802527
802522
741362
741369
741363
741365
741366
741368
741367
741364
741371
741370
741375
741378
741374
741377
741372
741373
741383
741382
741379
741381
741384
741387
741385
741380
741386
741390
741389
741388
741391
741392
741396
741393
741395
741394
741400
741401
741397
741399
741402
741405
741403
741398
741404
741407
741409
741406
741410
741408
741411
741413
741412
741414
741415
741417
741418
741416
741424
741420
741421
741423
741422
741419
741551
741425
741430
741427
741426
741432
741428
741429
741431
741433
741435
741438
741436
741440
741439
741437
741441
741434
741443
741442
741444
741446
741445
741451
741448
741452
741447
741450
741449
741453
741454
741456
741463
741457
741458
741459
741455
741462
741460
741461
741464
741465
741466
741471
741470
741469
741468
741472
741467
741473
741474
741475
741476
741481
741479
741484
741482
741478
741480
741477
741483
741485
741487
741486
741491
741488
741490
741494
741493
741492
741489
741495
741496
741497
741498
741500
741501
741502
741508
741507
741506
741504
741505
741503
741509
741510
741511
741514
741513
741512
741516
741515
741519
741520
741517
741518
741521
741528
741523
741527
741525
741522
741526
741524
741529
741532
741533
741531
741530
741534
741535
741538
741537
741540
741539
741536
741541
741542
741543
741544
741548
741546
741545
741550
741549
741547
741554
741552
741553
741555
741558
741557
741556
741561
741562
741560
741559
741564
741563
741565
741567
741568
741566
741570
741569
741572
741573
741571
741574
741575
741576
741580
741578
741577
741581
741579
741582
741583
741584
741585
741588
741591
741589
741586
741592
741590
741587
741593
741376
741599
741594
741596
741598
741601
741595
741600
741597
741602
741499
741604
741603
741605
741607
741611
741609
741608
741612
741610
741606
741613
741614
741616
741615
741624
741618
741617
741622
741623
741621
741620
741619
741625
741629
741626
741632
741631
741633
741627
741628
741630
741634
741635
741637
741642
741636
741639
741641
741640
741643
741638
741644
741645
741646
741647
741653
741652
741651
741649
741650
741648
741654
741656
741655
741660
741658
741657
741663
741664
741661
741659
741662
741665
741666
741668
741667
741670
741671
741673
741669
741672
741674
741675
741676
741677
741678
741682
741683
741681
741680
741679
741684
785928
785929
785930
785945
785931
785946
785947
785932
785933
785948
785950
785949
785951
785952
785953
788512
788511
788515
788513
788517
788514
788518
788516
788519
788520
791390
788521
788523
791391
788524
791394
788522
791393
788526
788525
791398
791395
791396
788527
788528
791397
791403
791402
788529
791407
791401
791408
791406
791400
791405
791409
791416
791410
791415
791411
791418
791412
791413
791417
791419
791420
791421
791423
791424
791422
791427
791426
791425
791428
791430
791431
791436
791435
791433
791437
791434
791439
791438
791440
791442
791441
791446
791444
791447
791448
791443
791449
791450
791578
791451
791456
791452
791454
791453
791455
791457
791458
791459
791460
791461
791468
791463
791467
791462
791469
791464
791465
788530
791466
791470
791471
791473
791477
791472
791476
791479
791481
791475
791478
791480
791482
791483
791484
791490
791485
791486
791487
791492
791489
791488
791491
791495
791494
791493
791496
791503
791502
791499
791501
791500
791498
791497
791505
791504
791506
791508
791507
791509
791513
791510
791515
791516
791512
791511
791517
791514
791518
791520
791429
791521
791519
791522
791523
791528
791531
791527
791526
791529
791524
791525
791530
791533
791536
791535
791537
791532
791538
791534
791539
791542
791545
791546
791544
791541
791543
791540
791547
791548
791549
791555
791552
791550
791554
791551
791553
791556
791558
791563
791565
791559
791566
791561
791560
791562
791564
791567
791568
791574
791575
791570
791573
791576
791654
791571
791569
791572
791577
791580
791583
791585
791581
791579
791582
791584
791586
791590
791589
791592
791593
791587
791591
791596
791594
791588
791595
791597
791599
791600
791603
791601
791606
791608
791602
791604
791605
791607
791609
791610
791612
791611
791614
791613
791617
791615
791616
791619
791618
791620
791624
791621
791623
791627
791628
791625
791626
791622
791630
791629
791632
791631
791634
791633
791636
791637
791638
791635
791640
791639
791641
791642
791598
791643
791644
791645
791646
791647
791649
791651
791652
791650
791648
791653
791656
791655
791657
791658
791445
791659
791660
791664
791661
791663
791665
791668
791662
791666
791667
791669
791432
791674
791670
791671
791677
791672
791676
791679
791675
791673
791678
791680
791685
791684
791688
791681
791683
791682
791687
791686
791689
791414
791690
791691
791693
791694
791692
791696
791695
791697
791700
791703
791699
791701
791698
791702
791474
791709
791705
791712
791713
791708
791710
791704
791711
791707
791706
837605
837607
837606
837608
837609
837612
837610
837611
837613
837614
837615
837616
837617
837618
837620
837619
837621
765683
765675
765676
765679
765678
765680
765682
765677
765681
765689
765685
765688
765690
765687
765691
765684
765692
765686
765699
765696
765700
765693
765694
765695
765697
765698
765701
765710
765702
765708
765709
765704
765705
765707
765706
765703
765719
765713
765712
765711
765717
765716
765715
765718
765714
765723
765726
765724
765720
765722
765721
765727
765728
765725
765733
765731
765729
765730
765735
765732
765737
765736
765734
765745
765743
765738
765742
765741
765744
765739
765740
765746
765748
765752
765754
765753
765747
765751
765750
765749
765755
765756
765762
765759
765758
765757
765763
765761
765764
765760
765766
765767
765771
765770
765772
765773
765765
765768
765769
765774
765777
765775
765781
765782
765780
765779
765778
765776
765786
765788
765784
765785
765790
765791
765787
765789
765783
765800
765792
765797
765798
765794
765795
765796
765793
765799
765802
765807
765804
765801
765809
765808
765803
765806
765805
765811
765813
765814
765817
765810
765812
765816
765818
765815
765826
765823
765825
765822
765827
765820
765819
765821
765824
765829
765834
765830
765831
765835
765836
765828
765833
765832
765839
765842
765840
765841
765838
765844
765843
765845
765837
765849
765847
765851
765852
765854
765846
765850
765848
765853
765857
765863
765859
765858
765861
765862
765860
765855
765856
765872
765867
765866
765865
765870
765868
765864
765869
765871
765876
765879
765873
765878
765874
765880
765877
765881
765875
765887
765885
765889
765884
765890
765888
765882
765886
765883
765891
765899
765893
765897
765892
765898
765894
765895
765896
765903
765902
765908
765900
765905
765906
765901
765907
765904
765911
765916
765914
765917
765912
765913
765909
765910
765915
765918
765923
765921
765920
765925
765924
765926
765922
765919
765928
765929
765927
765935
765930
765933
765932
765934
765931
765940
765942
765939
765937
765938
765943
765936
765941
765944
765950
765945
765946
765948
765949
765951
765953
765947
765952
765955
765960
765954
765956
765959
765961
765957
765962
765958
765968
765971
765964
765966
765970
765967
765969
765963
765965
765977
765978
765973
765979
765972
765976
765974
765975
765980
816021
816013
816019
816014
816017
816015
816020
816018
816016
816029
816026
816030
816023
816024
816027
816025
816028
816022
816033
816036
816039
816031
816034
816035
816038
816032
816037
816047
816040
816048
816046
816043
816044
816045
816042
816041
816056
816052
816055
816049
816054
816053
816050
816051
816057
816063
816059
816060
816058
816064
816061
816062
816066
816065
816073
816067
816068
816072
816075
816070
816069
816074
816082
816079
816084
816081
816076
816078
816083
816080
816077
816090
816089
816091
816085
816086
816092
816088
816087
816100
816097
816094
816096
816099
816098
816102
816095
816101
816109
816104
816111
816105
816103
816108
816110
816107
816106
816093
816117
816113
816119
816116
816112
816114
816118
816120
816115
816122
816123
816126
816124
816127
816129
816128
816121
816125
816071
816130
816134
816132
816136
816135
816137
816138
816131
816133
816139
816140
816142
816146
816143
816147
816144
816145
816141
816148
816149
816150
816151
816156
816153
816155
816154
816152
816162
816157
816158
816163
816160
816161
816165
816164
816159
816174
816169
816167
816173
816170
816168
816166
816172
816171
816175
816176
816178
816183
816180
816181
816179
816182
816177
816190
816189
816184
816187
816188
816191
816186
816192
816185
816200
816195
816196
816199
816193
816194
816197
816201
816198
816207
816210
816203
816209
816206
816202
816208
816204
816205
816214
816218
816212
816211
816216
816219
816215
816217
816213
816221
816222
816225
816226
816223
816224
816220
816228
816227
816237
816231
816234
816235
816236
816229
816230
816233
816232
816241
816242
816243
816245
816244
816246
816239
816238
816240
816253
816249
816250
816255
816251
816254
816247
816248
816252
816256
816259
816260
816261
816264
816262
816263
816258
816257
816270
816265
816267
816272
816268
816271
816269
816273
816266
816279
816274
816280
816275
816278
816277
816282
816281
816276
816289
816284
816288
816283
816286
816285
816291
816287
816290
816295
816296
816297
816299
816300
816293
816298
816294
816292
816306
816307
816302
816301
816303
816308
816304
816305
816309
816315
816316
816317
816311
816313
816318
816310
816314
816312